47805647
47793322
47814937
47813403
47813346
47812341
47808041
47808016
47807269
47805834
47805167
47805078
47804215
47803684
47801309
47800548
47799791
47798958
47796109
47794678
47794057
47792924
47792341
47791750
47791628
47791449
47791344
47790607
47881677
47787491
47784814
47784163
47783938
47781289
47780622
47780234
47779762
47779308
47778627
47778156
47777233
47775750
47774393
47774359
47773437
47772986
47772806
47771448
47770400
47769214
47767392
47766493
47766479
47766149
47765454
47765420
47765226
47764864
47764735
47764383
47764277
47763748
47761449
47760032
47759116
47757527
47757351
47757085
47756943
47756892
47755853
47752687
47751824
47750975
47750827
47747093
47745144
47743339
47742490
47740777
47740358
47739883
47738922
47737288
47735418
47733597
47733510
47733479
47732960
47732461
47731535
47730540
47730322
47729938
47724793
47723010
47722850
47721796
47721469
47720349
47719667
47718819
47820485
47819271
47718639
47717687
47716947
47716201
47906759
47901865
47901737
47901503
47899665
47896163
47895093
47893644
47892766
47891655
47889317
47887755
47880377
47878624
47878307
47876116
47876071
47875182
47874981
47873966
47873593
47873473
47873004
47872628
47872500
47870690
47870432
47868925
47868032
47866461
47866438
47865778
47865594
47864411
47863906
47862557
47862115
47861659
47931266
47933913
47932720
47932680
47932372
47931937
47926128
47925469
47923916
47923457
47922796
47922781
47922406
47921283
47920991
47920219
47920028
47920008
47917834
47917600
47916180
47914928
47914821
47913089
47859759
47859347
47859244
47858442
47857376
47853228
47853007
47852111
47850907
47850715
47850688
47850337
47849681
47849521
47848510
47847848
47847743
47842551
47839798
47837161
47835411
47830779
47829518
47829395
47829018
47828144
47826926
47826529
47826103
47825112
47823575
47802211
47813990
47808554
47808473
47807518
47806490
47806413
47805289
47805219
47801347
47800094
47797721
47796840
47795941
47794003
47791775
47791769
47789231
47787580
47786116
47784900
47783061
47782894
47781933
47781923
47781682
47780474
47778646
47778306
47778255
47778203
47776939
47776380
47774659
47772707
47772268
47770792
47770704
47770547
47767797
47766773
47765331
47764685
47764292
47762958
47759858
47757131
47755064
47753560
47753093
47752590
47751985
47750779
47750470
47748973
47747795
47747311
47745300
47864509
47741064
47739860
47739049
47738461
47738013
47736696
47736568
47734804
47734433
47731250
47729925
47729558
47729477
47724749
47722023
47720333
47719774
47819452
47817565
47718612
47716617
47716007
47906764
47905913
47904369
47903426
47926998
47901892
47899407
47899395
47898568
47892168
47891569
47889777
47888312
47886780
47882601
47878137
47876804
47876489
47875222
47873807
47872996
47872083
47871810
47869016
47867503
47866997
47866218
47865127
47861189
47860738
47929978
47929386
47927996
47927407
47926567
47925427
47923695
47921222
47920844
47920666
47920007
47916958
47915285
47913519
47859608
47859540
47858379
47857777
47855927
47855826
47852011
47850446
47849472
47849132
47848659
47845748
47845592
47844391
47839426
47839191
47838836
47838469
47838023
47837829
47834580
47832544
47829271
47829127
47828968
47827621
47827033
47826104
47825276
47822571
