47910582
47883866
47876201
47853344
47808205
47802008
47779869
47762645
47750788
47742334
47882150
47880544
47917165
47811161
47803313
47790556
47785142
47779508
47777851
47765044
47764679
47925714
47736457
47731910
47730124
47719787
47902350
47902197
47874544
47868841
47864797
47919039
47913349
47912544
47851652
47846707
47845425
47837630
47837112
47836526
47834193
47833747
47831741
47796141
47803487
47792231
47780614
47823461
47765679
47815638
47764468
47762250
47757839
47757207
47755004
47751175
47739572
47738947
47736853
47734253
47720860
47821449
47716122
47903690
47903619
47902018
47898596
47888551
47884446
47909874
47874427
47873687
47860382
47931565
47930996
47926983
47926608
47918896
47917182
47914075
47850358
47849760
47848208
47848062
47847918
47841215
47838447
47833529
47830872
47796818
47788715
47788076
47784249
47781155
47780619
47780219
47779554
47778210
47778128
47778079
47822589
47775772
47774623
47773761
47769320
47767943
47767328
47766516
47765314
47764992
47757532
47756603
47752728
47742601
47815869
47742010
47739077
47726751
47725133
47822270
47821856
47717056
47908512
47907286
47903518
47903506
47899375
47914277
47892994
47889807
47886949
47886539
47884680
47883493
47911416
47910263
47870831
47868949
47867316
47866879
47865620
47865609
47865550
47864502
47862938
47862565
47861872
47932896
47931214
47927983
47926267
47922187
47920720
47919712
47852156
47851969
47851871
47851408
47849115
47846827
47846681
47837677
47836003
47835430
47835369
47830586
47827928
47823312
47822923
47811916
47812131
