47852418
47806464
47833554
47797156
47795391
47794477
47787943
47813386
47797745
47794703
47791210
47791087
47790924
47784428
47781747
47778880
47778713
47778619
47778123
47777920
47776525
47775964
47775496
47772526
47772023
47770198
47767606
47767314
47766624
47764624
47758643
47756198
47755831
47752197
47750329
47750301
47744392
47743678
47908209
47740641
47738525
47733222
47721851
47721255
47721186
47720247
47719485
47718907
47718797
47716578
47905272
47904167
47903922
47903419
47902426
47899893
47895455
47891338
47889911
47886517
47883138
47880757
47911193
47876757
47875374
47870009
47867093
47862625
47931973
47931930
47931461
47930504
47928468
47927000
47926120
47924664
47920824
47859904
47853117
47850854
47850720
47847287
47847276
47843905
47836963
47835765
47834081
47833685
47826053
47825886
47822667
47809432
47807226
47805671
47795251
47794883
47814857
47812511
47810895
47807152
47805014
47791875
47788610
47787081
47785712
47783400
47778673
47777957
47774843
47774508
47772081
47770129
47767833
47767201
47765329
47764872
47764358
47763843
47763160
47762951
47762943
47762300
47756207
47755116
47754678
47751458
47749285
47748630
47747095
47744757
47815858
47742370
47741581
47740516
47739823
47739592
47738577
47737159
47734872
47734674
47732317
47730914
47730828
47728849
47721997
47720484
47719243
47719024
47822058
47821401
47819334
47818694
47817944
47717901
47717565
47909040
47905818
47904413
47903695
47900066
47899277
47891145
47890391
47889550
47888416
47883898
47878242
47877287
47910999
47876556
47871631
47870566
47867771
47867157
47866032
47865412
47865161
47863900
47862642
47861908
47861471
47861254
47861253
47933952
47933335
47932662
47931503
47931161
47930849
47929845
47923250
47922138
47921626
47920239
47915576
47915274
47914728
47913044
47911013
47857991
47855284
47853618
47852912
47851872
47851638
47851622
47850756
47850272
47848913
47848108
47847558
47846710
47845865
47841778
47841686
47834617
47834068
47833870
47832108
47831770
47829288
47828072
47827802
47826799
47805227
47800340
47809992
47809345
47804947
47803513
47801925
47801769
47797648
47796266
47794046
47793166
47792173
47791743
47790580
47790270
47785120
47784889
47784570
47780713
47779599
47778368
47777931
47774464
47774344
47769539
47768193
47766955
47766132
47765674
47765292
47765161
47765139
47764751
47764750
47764719
47763731
47762953
47761684
47757667
47756569
47754922
47754296
47752643
47899651
47752223
47751727
47750946
47749747
47816065
47742359
47742200
47741084
47731307
47730522
47730020
47726541
47724511
47722752
47721603
47720874
47720755
47719512
47719269
47821744
47821597
47818983
47816514
47718396
47717962
47716808
47908912
47908751
47904755
47902856
47902793
47902479
47901940
47901830
47901270
47899803
47893331
47891447
47889110
47888759
47881081
47878836
47878096
47877054
47911419
47911132
47910391
47876724
47876102
47875861
47874670
47871709
47871345
47871088
47869662
47868840
47868046
47866086
47865207
47863555
47863112
47861565
47860664
47860393
47934040
47933216
47930274
47925287
47925249
47924831
47924747
47924388
47922678
47921004
47920293
47920257
47920026
47919040
47917521
47917519
47914369
47912475
47853551
47849872
47849181
47849166
47847129
47846540
47846515
47842342
47840084
47837377
47835532
47835009
47834347
47833405
47833379
47833268
47832539
47832250
47827698
47825459
47823670
47823460
